-2.850880748204955850e-01
2.164681318777962604e-01
3.694690969313212392e-01
3.356242022664549518e-01
-3.910897881948138255e-01
8.159263821630645674e-01
-1.554889800310734094e+00
1.097829215087303967e-01
3.367691625681033529e-01
-9.138004126620743461e-01
-1.066291402952147083e+00
-2.891660810068591436e-01
3.248251339874964061e-01
-8.523930801214784081e-01
-7.682464776063417655e-02
-9.152403365840352523e-01
-2.365067515612720161e-01
-4.441834416368561356e-01
-1.060795184607765895e+00
-1.166702101544085046e+00
-3.075538715579133053e-01
1.240142623970581282e+00
-1.105196376089425225e+00
-1.964496394027570148e+00
-7.117137326108439188e-01
-8.143698064545712434e-02
2.207956972551587127e-01
-4.509565255217589108e-01
3.934601620221903767e-02
8.450684837949108408e-01
6.747354551849921167e-01
4.351675472147814028e-01
-8.645341761830576122e-01
9.285696719103990471e-02
1.747689109834751120e+00
5.552050300218510648e-01
-2.507095028294516470e-01
-1.210741721386267233e+00
1.259898922249850450e+00
4.884891676390734072e-01
9.824003432243769707e-01
3.113364684096222024e-01
7.965215679288506490e-02
-1.371062059741049000e+00
1.946519486856553849e-01
2.474824680932880550e-01
9.244146271106221668e-01
-1.353806074381940006e+00
7.245834289012005325e-01
-1.189675557258446092e+00
-1.076635397695227397e-01
-3.655016564036924764e-01
5.167144779720403980e-01
2.168490932990435605e-01
5.984924840223960346e-02
-3.408511485910328265e-01
-7.285666570248606755e-01
2.398662581627140633e-01
2.371333716453166929e+00
-8.259681505799473800e-02
5.235742415408957129e-01
-5.766289790420170425e-01
-1.481162934859960201e+00
-2.240430395660466534e+00
1.195056925059662323e+00
3.830233932803908115e-01
2.631811182057383069e-01
-1.884577841307748802e-01
1.017937344609470829e+00
1.808391083541886379e+00
-3.129399210955802202e-02
8.274185607947643906e-01
-1.630784714141726655e+00
6.696086913618661818e-01
-5.562656993238060954e-01
-4.987741863826725131e-01
1.892045739088645373e+00
1.307626555948161684e+00
3.145770977121770673e-01
-2.148445919224778455e-01
3.260230114313438649e-02
-6.565608319877470622e-01
1.080821454894508982e+00
1.699620920025322612e-01
-7.891389774642071364e-01
-1.459964607296235783e+00
-3.251100973466317101e-01
-1.132093665628638890e+00
5.792427964573179100e-01
1.097012363202230639e-01
9.632742784805505831e-01
-6.237966092442356336e-01
-1.155580092173294160e+00
-1.583859823315056481e+00
-1.534276107121163468e+00
-9.298626299659892291e-01
3.720229800124737474e-01
-1.370132023488103701e-01
2.217936266942881041e+00
-1.236183488091505689e-01
6.625565711246693690e-01
3.118324000007378083e-01
9.507671435323039599e-01
8.383577421129809193e-02
1.303968831053810451e+00
8.534233908420989501e-01
-1.127685979948727768e+00
-1.608173724183652176e-01
-1.904803966243574731e+00
2.587957934476476929e-01
2.207679469429896901e+00
7.819870678773804817e-02
3.368198647863076545e-01
1.188521731542118598e+00
-8.071423635486694170e-01
8.561006888843799567e-01
4.365111357108655277e-01
2.043471916756483875e+00
2.083427592536381823e-01
1.197557350831482292e+00
4.660972691312132987e-01
9.566791233199507527e-01
-2.295167089672217331e-01
-9.336868764855942304e-01
-7.384736712446078322e-01
6.585332792664048140e-01
2.515826979687524889e-01
9.651491242388886560e-01
-7.869897669948838770e-01
1.016291995916195789e+00
-1.666707869880150517e+00
-1.103425776355387855e+00
-1.298267856365546091e+00
-2.103798252255671297e+00
-1.214918878640579118e-02
7.835557817442828643e-01
2.196757171247789783e-02
-1.782381451209875900e+00
-6.214667695254226798e-01
1.565970702610131937e+00
7.915826892050367158e-01
-1.388421887069471561e+00
3.493536454623679122e-01
1.305225314236653000e+00
-4.259090486679838472e-01
7.702538424051558197e-02
5.230220233152990117e-01
1.671229726588482567e+00
-1.011343556847994929e+00
5.496330517477834299e-01
1.847207690301720051e+00
-6.353594592065079372e-01
-2.047482811355938459e+00
1.806212616112692210e-02
2.387631164959836960e-01
1.672044014122090250e+00
1.801034957891897381e+00
1.138591714980491831e+00
-1.362920294527382392e+00
-4.230724647016185225e-01
2.467293068581042914e-01
1.213928915261524244e+00
1.521916770763263926e+00
-2.178326367399867347e-01
-6.351955969615940001e-01
-9.365219951094071460e-01
-6.200506300404143856e-01
2.317684444426577173e+00
-3.079165164696435752e+00
2.853923177509796183e-01
-6.690145856290699578e-02
3.074581008564298279e-01
-1.576186900971897842e+00
-1.170861033807741203e+00
-1.053214774040489229e-02
-1.178872792630748789e-01
1.291164680574479418e+00
-1.026275080484009700e-01
-1.303121049696974953e+00
-1.234789672940130201e+00
-4.573188535908178087e-01
3.282579987131597488e-01
-1.695448642241288884e+00
-9.718497384438246067e-01
-1.931718437650862263e+00
4.685736491914658242e-01
8.145511913944137872e-01
-4.387794022999266796e-01
1.444371018524678307e+00
-1.041733663165768986e+00
1.718751758786759842e-01
6.811650531753092770e-03
1.982598030028566605e+00
2.052132950315742610e-01
-1.902659105925873229e-01
-1.219843503395743323e+00
5.537670311392605127e-01
1.212064771233360760e+00
-3.299748894848732184e-02
-5.097729128687010780e-01
-9.535652303592839774e-01
-1.212695989285637710e+00
2.781366454368361940e-01
8.876138708025748114e-01
3.081746078402535782e-01
1.810929646125856829e+00
-6.667166222501884620e-01
1.961383497204010729e+00
1.269336548301950307e+00
-3.790660129101127707e-01
-1.334963032061369459e+00
-2.201034868070570749e-01
5.515001760352447047e-01
-2.368722093662259387e-01
-4.468086618567045920e-01
1.849633216759242194e-01
2.858420965869185593e-01
-9.920709934059837032e-01
1.833688408341280773e-01
9.594811780772131149e-01
-2.196983753408114026e+00
1.723010627773234660e+00
8.865709427500217954e-01
-8.863545955089222605e-01
2.366398244305912557e-01
-3.404166854314452650e-01
-1.389757078795209155e+00
1.685291896508891440e+00
-8.020739397569572049e-02
-2.998025914870359188e-01
4.593058448267433452e-02
-4.441084414067050234e-01
-1.033211794014972984e+00
-2.612762043863920414e-01
3.202932398298752315e-01
1.061462882289616161e+00
3.035482926490424282e-01
-1.164119464627608513e+00
2.354230439257566365e-01
8.416612907264816590e-01
-2.346745994180108597e-01
4.198322147654188763e-01
-9.894709227305158450e-01
1.873680398525428004e+00
1.431881450129128375e+00
-9.797642658481937605e-01
2.437763800130116620e-01
-9.698520566770466589e-01
7.673636214753547513e-01
3.310454761436246729e-01
-3.105692490166047648e-01
-3.520688786536784187e-01
7.425209819778098852e-02
-1.057785161080083469e+00
-1.927724790374876485e-01
-1.184793181352325059e-01
-1.642194804754733672e+00
-3.480797204025351532e-01
7.195325768627057750e-01
9.651321568212954949e-01
-7.276240492280453553e-01
2.494165062384458842e-01
-1.254616851486089368e+00
-5.942351537623009605e-01
4.697246994969042078e-01
-7.597809697395606632e-01
4.939282620226163045e-01
-1.314563951634423855e+00
-2.131473429805137154e-01
-2.347898032844336402e+00
1.077053308746443117e+00
-9.362053872527598131e-01
-3.388464059150753105e+00
-1.493441304858945884e+00
-1.576055010482411811e+00
-1.555211804545019394e+00
-8.932399711744457363e-03
2.331201356867358854e+00
-1.960956566578594407e-01
1.378311167685496885e+00
-2.442340306719963106e-01
-1.401650658064368116e-01
2.711794157564884067e+00
1.666792955495632889e+00
-4.729877583572598687e-01
-1.667712667120868852e+00
1.857592077219447413e+00
-7.665338952376586912e-01
-2.396576646936220634e+00
6.176182430851840932e-01
1.774791073354632376e+00
-2.122453633590287159e-01
-4.193589142892933941e-01
-6.351644362534386579e-01
-1.170352519223396337e+00
4.167494766340250623e-01
-2.183137424176933905e+00
1.021774423037098423e+00
6.603968290552854059e-01
-1.077828947643669100e+00
-1.959102655625962308e+00
7.770249236304891394e-01
-6.332037778648221815e-01
-9.769666524881874814e-01
-2.177155131102878893e-01
-3.591186425255971787e-02
1.966211873943863653e+00
6.272431607270824161e-01
5.178623658099620330e-01
4.804378199473874345e-01
8.458838546283599380e-02
4.492308893532021008e-01
-1.430329926649540395e+00
-1.042415279137167278e-01
2.083036419276137197e-01
-4.432933663838000693e-01
-5.599033346174936421e-01
-5.689902671801740919e-01
1.238599119697251894e+00
-3.142125174817079342e-02
-8.960115133591343983e-02
-4.652251241508305046e-01
-1.774017150915287444e-01
-3.966401762093170191e-01
1.501725389467214899e+00
2.025889900865144866e-01
9.628298909323910193e-01
-3.722216172294847136e-01
-9.636559809394313891e-01
1.070905736150220333e+00
8.784678892101747127e-01
1.380811997019234072e+00
-4.442215649707252356e-01
-7.142880601788039741e-01
1.142819080361493489e+00
2.450247592791632845e-01
7.842886396048719400e-01
2.451308180961320471e-01
3.806403028716663361e-01
3.881844524932095419e-01
3.318204146965140211e+00
1.938542703928014088e+00
2.752653161570424722e-01
-7.098399138206066272e-01
1.377461798232271439e+00
4.612420234132291741e-02
-1.436519652303137384e+00
-7.880312786368828259e-01
-1.575230972561062481e+00
2.272223132733015571e+00
-1.081479717121388351e+00
4.079402503953263315e-01
-6.544057977714747842e-01
1.350332136831296825e+00
-7.711776072558256256e-01
4.894550474311190058e-01
1.203886576333856456e-01
-1.384505511289377266e-01
3.006711646509771518e-02
1.527214085092638562e-01
-1.816674281466360008e-01
1.539382694318947031e+00
-2.060602444406432365e+00
1.284640027369208015e+00
6.007944896061993001e-01
9.135546344656512163e-01
-1.758698851804664676e+00
-3.047570891439313479e-01
-1.543852736646434742e+00
-2.175030121217764456e-01
1.985508653517784161e+00
2.694929733358220059e-01
-1.705418222051944044e+00
-2.917285414308169456e-01
1.735653246213701761e+00
1.279955151499126531e+00
-8.865138248655400899e-01
-1.110358831748991415e+00
4.890669929956150130e-01
-4.859304267285740053e-01
1.111793088089707338e+00
-3.198307851583391259e-01
1.474726258939662582e+00
-5.462354811053245912e-02
-9.220688667509660541e-02
-9.051693475660469446e-01
-3.898332880166470726e-01
4.941208614508105779e-01
-5.202026769724492627e-01
-3.833074260109785580e-01
1.743699616084103843e+00
7.246168443733381759e-01
-1.039913155299599268e+00
-1.123660334407466516e-01
-1.211997109104424736e-01
4.391753712256040720e-01
2.525680665439993255e-01
4.258075966172221172e-01
1.025373684341521097e+00
1.114603439605538648e+00
1.554625685922011447e-01
-4.195864664870265770e-01
1.197636780394349731e+00
8.429973160041305258e-01
-2.960209851717647833e-01
1.686077906370317125e-01
-9.829350485145360583e-01
4.520166856431707125e-01
5.786292766871721227e-01
1.285025696174966869e+00
1.250184115601418622e+00
2.578822193898791415e+00
1.427631368185044103e+00
1.702173430836588786e+00
5.731186748925315433e-01
2.143368135836770383e-01
4.764815564185697627e-01
4.852047391469868631e-01
-1.322442106182649974e-03
-4.301658500522319017e-01
-1.675670991187151182e-01
-6.781737939244104618e-01
-1.737162927306508120e-01
4.457477452717603650e-01
1.477556046098760012e+00
2.495385410123673042e-01
9.748742968546175724e-01
1.226057607852557574e+00
9.713265738069455368e-01
1.286668655487201773e+00
-8.903334438941360451e-01
1.923069504432282750e+00
7.966741181400283089e-01
-5.525776568449336512e-02
-1.137825297012377668e+00
-3.618200468949821502e-01
-6.529967001277636740e-01
9.666463525625123010e-01
6.192337708831738841e-01
2.647460209779207707e-01
1.380325888936303036e+00
-1.077021165692907623e+00
-1.882186508741436448e+00
9.723812260696171328e-02
5.535272886658559877e-01
-7.806758333545188444e-01
1.068277548031473234e+00
-1.043391733266855748e-01
-1.098229793627380824e+00
1.386226340422505698e+00
-4.311299422419693217e-01
2.655888629654005739e-01
-4.930435768998721047e-01
-5.915440912277400987e-01
1.965360604308290293e+00
-9.471378888069428292e-01
4.892771631358168172e-01
9.290951581897983758e-01
7.712912621900432919e-01
3.818057375253887109e-01
-2.445971676419620433e-01
1.004476976110749487e+00
-6.827359830174566380e-01
4.443451105814619773e-01
-1.855596681288649019e-01
5.760697538897311537e-02
-2.507999645487740681e-01
-1.265175039515847033e-01
-3.895249760828708996e-01
-8.682018533753632639e-01
-1.517034081021516601e+00
-3.914782016088245165e-01
3.602052939971008699e-02
-1.116494304156216533e+00
-1.214498572571415025e+00
1.798659024616097390e+00
3.751202939321432450e-01
-1.046833852838210177e+00
-5.831899372081296162e-01
3.684341201205313387e-01
8.406479847145618134e-01
-2.597059615694676249e-01
-1.576087039344577223e-01
-6.160947896390917000e-01
7.782791699517831174e-02
7.981692495919950892e-01
1.438302079200223460e+00
1.190856556095017948e+00
2.955528128126049259e-01
-2.080478607481360542e-01
-3.264241834044974699e-01
1.300279761917366050e+00
7.968428543326867564e-01
4.570351221843378386e-01
-7.025128693185374029e-01
8.404343021205564757e-01
8.360277893485894563e-01
5.517265998149638584e-01
1.058881894991215988e+00
-1.031556032833420122e+00
-1.330926353078940583e+00
2.471761799875019650e-01
-1.091390447369401107e-01
-7.045900028251189662e-02
-1.621936933647167400e+00
2.120062961932422496e+00
-8.754558795020546125e-01
-6.306113720125623434e-01
-1.167521397256662041e+00
-5.558967840847327535e-01
-8.307425519423712323e-01
-2.036238771987650242e+00
-3.445564235918823770e-01
1.155394516291389007e+00
-1.384662185953760005e+00
2.166431160631231645e+00
8.200359185903446368e-01
-2.381643035864053459e+00
7.113065857975008344e-01
-2.801274621424071354e-01
2.250773591214308075e-02
9.352797624486491879e-02
-7.414460122326639313e-01
4.948310563472494428e-01
5.345699641068994978e-01
-2.101382709718226049e+00
1.639346457214686803e-01
-2.460774581714136600e-01
6.415398604912809777e-01
4.758333836201918410e-01
7.338466030578032484e-01
4.800875519998462071e-01
-3.559326926453576512e-02
8.967617866282310279e-01
5.125869929685612503e-01
1.059934641142264322e+00
-1.408686276642945101e+00
3.308870878242913503e-03
-1.565457501605085622e-01
1.448182441608771187e+00
1.448498428492801970e+00
-2.051812341350402469e-01
-1.334937871894244177e+00
-4.848747678021311236e-01
1.050519192317989514e+00
1.635823736747763490e+00
-1.792616389842298652e+00
1.972693504724476465e-01
-6.889869962294525862e-01
-2.562610861987812516e+00
-8.915081509744325894e-01
-2.429001818194308715e+00
-8.187657087986934812e-01
-1.380946152590888376e+00
1.125116836203287063e+00
-1.389645304797523018e+00
-8.755181043707669364e-01
-1.489863291149398750e+00
-1.354882818575450232e-01
1.492474083017051624e-02
3.881783676536909589e-01
1.188991584426251219e-01
1.676808456822302063e+00
1.070935280635900710e-01
1.295003553799717544e+00
4.430658230751119975e-01
-4.199748694015142392e-01
1.030125826889184193e+00
-2.290014777939967661e-01
7.959539214355406678e-01
-3.099859531860185147e-01
1.004717147755269657e+00
-1.248204418049117193e+00
2.495196552262377715e-02
-2.792109175925928111e-01
3.744588058056572688e-01
4.541077786253931436e-01
-5.240583289812945633e-01
-7.658163133011549606e-01
-4.692759634645440880e-01
1.428773832682768419e-01
1.539377639132276654e-01
6.853797873501239479e-01
-3.578740339637783707e-01
7.125672486528297211e-01
-2.279912565289317627e-01
9.521807018892365360e-01
-3.945192998458814659e-01
-3.801516164245312690e-01
-1.759985421686358187e+00
1.236391455416238960e+00
4.145463970278218807e-02
6.686693609497268431e-01
1.669654558693102198e+00
-1.211374046138106175e+00
-3.897263248116868972e-01
-7.662279572974033393e-01
6.732870002986336422e-01
4.939590311335959605e-01
-1.424517527891946633e+00
-8.518765424774107919e-02
1.362062056114185404e+00
2.078952264042826792e-01
-1.045943019413126535e-01
-8.294840258049206438e-01
-1.874124415501166041e+00
-1.198976825951775238e+00
-1.236227120085741760e+00
1.077470023301104307e+00
1.040089385807127176e+00
-7.281004427135561174e-01
1.140507983758093147e+00
5.716806802892339112e-01
5.954370877484725932e-01
1.591263079284860327e+00
1.087520730484377918e+00
-8.458944018258830466e-01
-1.311133250178376716e-02
1.585449048321289078e+00
6.074278078100569384e-02
4.890412864891495182e-01
-4.053239523186832893e-01
-1.976762392657505918e-01
8.202398193487375755e-01
-4.008126560501727997e-01
1.398236581178989579e-02
-5.437781942322384987e-01
-3.441661537066025844e-01
-4.843971568511102332e-01
-1.585823560412436550e-01
-1.468893594676681458e+00
4.200263252008239467e-01
5.759339536204780008e-02
8.943502615790444032e-02
1.312286653735434405e-01
1.502666922174313302e-01
-1.017297083433437166e+00
7.553277288721849114e-02
1.412982190271275140e+00
1.579235300974138001e+00
-2.302842521286208033e+00
-1.155316207676672535e+00
-1.757871355068654495e-01
-1.431234573963706236e+00
-2.216363864304883025e-01
4.710174490389874014e-01
7.071987174154549249e-01
-1.259400152437537557e+00
3.735583941851821632e-01
9.472332136050779505e-01
-2.772987829791794812e-01
3.851741389125305504e-01
2.770098351215890542e-01
-1.146314669373882898e-02
-1.072495576973641951e+00
-1.424899763289778853e+00
8.754387004411193218e-02
-3.000074593995708527e-01
4.425249209597280076e-01
-2.292610882186183918e+00
-2.454077408932690829e-01
-3.755530637878903288e-01
1.058727048239246571e+00
-5.420900693754604482e-01
1.454021106064629532e+00
1.240166559703684390e+00
-2.068045278402036724e-01
-6.387300479546173526e-02
4.182926502515019879e-02
-4.902986430894891723e-01
1.083289893403135640e+00
-1.540340250650715503e-01
-2.071586300447925966e-01
-2.590860189041299111e-01
1.812035893022441169e+00
-6.513495916400695585e-01
7.887447222075613107e-01
1.018661082110931426e+00
9.091013907839222696e-01
-1.875475101705694758e-01
1.123272610776919200e-01
6.440003494021202535e-01
-1.193338471011665458e+00
-3.842132636614284391e-01
8.009572534635905905e-01
2.447402591454858334e-01
-5.753034240876001570e-01
5.901423835596472101e-01
-6.309143445118491345e-01
8.454080074335089678e-01
3.720024993608809227e-01
-1.825938221376826459e-02
2.015419298781628399e+00
-2.947234061193592658e-01
-1.557241932986923316e-01
1.250458786683794177e+00
-2.822608412897222863e-01
7.826934890673310774e-02
1.489317697453706346e+00
-1.119589197620572407e-01
1.618136877079299873e+00
-2.034278936827696782e+00
-3.469631813739483261e-01
6.272655316164349459e-01
-6.379890625935087378e-01
6.979353121443341301e-01
-5.294801381488031256e-01
8.312075963344024432e-01
1.262319342854052451e+00
-3.318556108411438443e-01
1.065730468833166356e+00
-5.103901178222411961e-01
1.010547735606448949e+00
8.869223811569143523e-01
-1.172520490850293973e+00
8.463364809607201167e-01
-7.774421114853753423e-01
1.094407769933043451e+00
1.033341815505251615e+00
1.962758958139190879e+00
-1.091113744578371847e+00
-8.123955734152130126e-02
1.270131725538400591e+00
5.081209199588019310e-01
4.076386615902581334e-01
-2.654799432308724283e-01
1.802469294660558496e+00
6.192829743128172026e-01
-3.110562775304937314e-02
1.147220357952454250e-01
1.969801940909226834e-01
6.531572623266127531e-01
-7.545796230852247488e-01
1.019667794217077317e+00
2.392876928880171228e+00
-1.010162039535480005e+00
7.391161622271162912e-01
-2.804717076290395017e-01
-6.582079984611338697e-01
-1.227280209750092776e+00
1.087303788963228879e+00
1.209401608795669603e+00
-7.368146057722582132e-01
4.841400888643092593e-01
-8.050787629555505864e-01
8.586389928129969373e-01
-1.727125414256167613e-01
-9.506454736797571581e-01
-9.799493840503226139e-02
2.144493830680095914e-01
1.824813125531001390e+00
-1.781432473876805034e+00
1.002483681914430935e+00
-7.175650582873099870e-01
-2.802707061099538599e-01
1.137472312718066370e+00
-5.437068227295096534e-01
1.350544363422829131e+00
-1.943597859771708514e-01
1.547283607195260036e+00
-4.181552187933615938e-01
-2.187735833038221556e-01
-1.695061865037501281e-01
-1.136945064779985914e+00
-3.301862810545483362e-01
-2.305346952282822659e-01
-9.309533101306017855e-01
7.328661837593972161e-02
-2.208195080815583966e-01
-2.263196361592489492e+00
-2.829043640651777158e-01
1.428018218717650889e+00
-1.505835961150683022e-01
1.732002762310055344e-01
3.324744222933012083e-01
6.684939230926101317e-01
7.122289614374744948e-01
-8.372879831169957043e-01
-8.601972537398531321e-03
7.371333544125570070e-01
-2.286094675756254191e-01
-1.751865090556919413e-01
1.573221438228511460e+00
-1.219422356585931677e+00
1.514510934054572155e+00
1.681262526565682203e-01
-1.242346793446453379e+00
3.734960236629397690e-01
-1.390986887244110237e+00
-4.173308838506201157e-01
-1.725511906151508068e+00
1.034251844049628222e+00
-1.380927055762003031e+00
-1.636429412378189951e+00
-1.504888907658600727e+00
-2.353356331968488313e-01
-1.800224289987593651e-01
-6.815514742263739656e-02
-4.253812141352116827e-01
8.300697049795032756e-01
-1.486824820630219701e+00
-3.028259961670541900e-01
8.681242321945247253e-01
8.874612462668238777e-01
-8.429538728554511473e-02
5.773072420782314751e-01
-5.918832485184615660e-02
-3.525724738000405312e-01
-1.675213356525027120e+00
1.531873915373917205e-01
1.383663942184880424e+00
-2.127529803259484709e-01
-7.463369706316226315e-01
-5.492905431415255890e-01
-1.478414495204894763e+00
-6.695367189593539603e-01
-1.114527407795313563e+00
-7.745532182971467394e-01
-3.129919934996963526e+00
2.399012593743125699e+00
-7.955060652891235984e-01
-7.091557734287519121e-01
-8.452493256935212917e-01
-1.363734640076204929e+00
-1.208395209451757379e+00
4.669822256026907592e-01
2.820132131127440767e-01
-2.859910622869621041e-02
-6.953952604227905399e-01
-6.675711864245542637e-01
-1.126271015637456685e+00
1.549671533260233991e+00
2.385613483602340157e+00
4.250472946001202512e-01
-9.381028510150160038e-01
1.359289565026591297e-02
-8.239870523670509428e-01
6.818984829323680996e-01
4.659352082113853988e-01
-3.559334022801698971e-01
-4.626259090895754045e-01
1.032340296954393555e+00
-7.332822451710111489e-01
-1.061668007855329554e+00
-8.177035632859752656e-01
-8.722989499338652808e-02
1.095835590316951214e+00
-1.297297876719051724e+00
4.562697927449173574e-01
4.425193565248050631e-01
1.476508094722619902e+00
-1.288532942574677875e+00
-9.599302985914019981e-01
-3.175830942814762414e-01
1.507751899059037060e+00
-7.050083821229662373e-01
1.628423101490241054e+00
1.371541290214190356e+00
9.466320341791599757e-01
4.817527493706345032e-01
-7.541288434277246822e-01
2.422567629289550661e-01
1.128671739338346525e+00
1.550935143148886919e+00
-1.047701040130267547e+00
-1.255154766587751602e+00
-1.169635045751910990e-01
1.133213243310503771e+00
1.380794704981859423e-03
5.413034921396564503e-01
-8.129224880648183715e-01
5.205465889409203184e-01
4.770486805978984418e-02
1.322527799127099390e+00
2.414486468185905454e-01
-1.299854703971836445e+00
-8.685262663713849696e-01
1.821259640301654770e+00
-2.539301242061633990e-01
-2.789519716223183288e-01
-2.950388865561370810e-01
-2.907421725643074550e-01
8.232012370515681132e-01
5.393147608245871943e-02
5.627588128311061810e-01
-1.068244918660769427e+00
2.329820812945648356e+00
-6.750276119251434892e-01
-3.072224209883987478e-01
-8.927191043467100906e-01
1.101430402281384557e+00
2.122954791629773352e-01
1.034866517436363736e-01
-9.294110718455922404e-02
-7.725231564190113698e-01
6.947503781731683148e-01
6.889845486357857318e-01
1.120276679690189292e+00
-5.030937297799654706e-01
1.172485460642110011e+00
-1.163952980340701604e+00
-1.439415235041668018e+00
1.162979470225382395e+00
5.866658475371255843e-01
4.057946502929345445e-01
7.445495455594043355e-01
2.034411822853255725e+00
-1.218076900889808911e+00
-1.087487921248992295e+00
2.015572840239868851e-02
5.522182035284699531e-01
4.301508363787988065e-01
-9.134690778613527851e-01
3.958628795742882844e-01
-5.489793068153700321e-03
-6.856343711712244993e-01
-1.003174498016823346e+00
-3.555441362264511601e-02
6.932336482883708628e-01
-9.932909834588223852e-01
-6.757168803366098153e-01
-8.159136291009323472e-01
-1.403082660070283705e+00
-2.180020534231570939e-01
1.849841978655424990e+00
-1.005104260601570987e+00
-9.240554044134656753e-01
5.369418018963684203e-01
-1.052959113004192426e+00
-6.281560815834241751e-01
1.603982314056071390e+00
7.067469617016845784e-02
5.103319628814959596e-01
-4.249377932124337454e-01
6.261373264954656938e-03
6.704770002986487620e-01
2.781886167207890947e-01
1.048008267767204904e+00
-1.369788397736526608e+00
9.529909207898068502e-01
6.944578364980691365e-01
-4.227942093798197076e-01
-2.493912709449186971e-01
4.892321065429915961e-01
-8.936946783102952541e-01
-6.022008541423327088e-01
1.156577824711334745e+00
1.681739449483554250e+00
-6.947768883605364154e-01
-1.466281144533477132e+00
4.651257329444342947e-02
1.751859384882997750e-01
8.745318349636705957e-01
7.666787447747626105e-01
-1.333011015710719338e+00
-4.710842893518672470e-01
-1.784623496056178205e+00
-7.159358025748082666e-01
1.207445058646241243e-01
-1.094105465781279207e+00
-4.612798754831339831e-01
-2.053250475752656623e+00
-8.510657952968714302e-01
1.025220888500155914e+00
9.497444673833290718e-01
-6.364706686361819576e-01
2.101767177476495385e-01
5.505968718901026460e-01
1.318201812844007892e-01
2.853065434187935789e-01
6.133612714458249598e-02
1.708594712271475635e-01
2.449989991080634144e-01
1.127490433864255293e+00
-1.711505087265431657e-01
-7.718738738877627403e-01
1.828538721716437943e+00
5.007202068052301058e-01
8.624203050000416315e-01
3.761061924197592887e-01
1.173703059884654065e+00
-3.872631145478672710e-01
9.651942598201666002e-01
3.887697150512175459e-01
-3.237952842325375058e-01
7.345893812014459012e-01
-1.122410150504193460e+00
1.446305938034189546e-02
1.776633033236360293e-01
7.229581463350862047e-02
7.931914189165568674e-01
-1.154405616243155075e+00
-1.300726954414689107e+00
3.731565930938319786e-01
-1.012085771532764467e+00
-1.598252488448928421e+00
-2.080388111174636290e+00
-1.318784218649974749e+00
-1.682070843730432363e+00
7.052490470326178151e-01
